{"default_fov": 75.0, "default_transition_sec": 1.5, "keyframes": [{"matrix": [-0.004749698293386118, -0.009207656043159429, -0.9999463282778296, -0.8626693725585941, -0.9999740422118631, -0.005374148246919952, 0.004799315897855927, -0.5195837497711171, -0.00541805025715808, 0.9999431671854213, -0.00918189145001802, 9.039260912696597e-05, 0.0, 0.0, 0.0, 1.0], "fov": 75.0, "aspect": 1.7777777777777777, "override_transition_enabled": false, "override_transition_sec": null}, {"matrix": [-0.019015364137241586, 0.02645123519365422, -0.999469233185023, -0.14297265038465393, -0.9998045209803349, -0.005918395851599811, 0.018865111126808665, -0.5304616472305519, -0.005416249072114299, 0.9996325848767004, 0.026558604984356138, 0.046641147306999586, 0.0, 0.0, 0.0, 1.0], "fov": 75.0, "aspect": 1.7777777777777777, "override_transition_enabled": false, "override_transition_sec": null}, {"matrix": [-0.019015364137241586, 0.02645123519365422, -0.999469233185023, -0.09679043257870808, -0.9998045209803349, -0.005918395851599811, 0.018865111126808665, -0.6370175056904982, -0.005416249072114299, 0.9996325848767004, 0.026558604984356138, 0.04606091865092314, 0.0, 0.0, 0.0, 1.0], "fov": 75.0, "aspect": 1.7777777777777777, "override_transition_enabled": false, "override_transition_sec": null}, {"matrix": [-0.729750513358085, 0.018107892153045424, -0.6834736955402055, -0.04677256512379138, -0.6837037343793102, -0.024677379545070655, 0.7293423273981666, -0.5642884956486249, -0.0036594875867405063, 0.9995314558234586, 0.030388763878122282, 0.0475996147712965, 0.0, 0.0, 0.0, 1.0], "fov": 75.0, "aspect": 1.7777777777777777, "override_transition_enabled": false, "override_transition_sec": null}, {"matrix": [-0.6475421007884345, -0.025484704984883533, 0.7616034122286581, 0.13306453360208112, 0.7620182719193976, -0.027123470039751796, 0.6469872260207138, -0.6072870691924187, 0.004169048749630533, 0.9993071835951329, 0.03698339962316921, 0.0569930190585084, 0.0, 0.0, 0.0, 1.0], "fov": 75.0, "aspect": 1.7777777777777777, "override_transition_enabled": false, "override_transition_sec": null}, {"matrix": [0.9692248104776554, 0.013577680887446417, -0.2458025901740494, -0.04480943257032262, -0.24617336152763003, 0.04780246437331369, -0.9680462801302556, -0.5184535007322798, -0.0013938539162248742, 0.9987645222881905, 0.04967379781840196, 0.03988970824534345, 0.0, 0.0, 0.0, 1.0], "fov": 75.0, "aspect": 1.7777777777777777, "override_transition_enabled": false, "override_transition_sec": null}, {"matrix": [0.9692248104776553, 0.01357769671829799, -0.2458025892995821, 0.03800922877592299, -0.2461733615276302, 0.047802526720081284, -0.9680462770515481, -0.452120541884762, -0.0013938539162249297, 0.9987645190889602, 0.049673862143569926, 0.04024404073141869, 0.0, 0.0, 0.0, 1.0], "fov": 75.0, "aspect": 1.7777777777777777, "override_transition_enabled": false, "override_transition_sec": null}, {"matrix": [0.9692248104776553, 0.01357769671829799, -0.2458025892995821, 0.1915223166921678, -0.2461733615276302, 0.047802526720081284, -0.9680462770515481, -0.30942295424717975, -0.0013938539162249297, 0.9987645190889602, 0.049673862143569926, 0.04100774736722296, 0.0, 0.0, 0.0, 1.0], "fov": 75.0, "aspect": 1.7777777777777777, "override_transition_enabled": false, "override_transition_sec": null}, {"matrix": [0.9692248104776553, 0.01357769671829799, -0.2458025892995821, 0.29274880550816545, -0.2461733615276302, 0.047802526720081284, -0.9680462770515481, -0.1903600974115815, -0.0013938539162249297, 0.9987645190889602, 0.049673862143569926, 0.0416466246194115, 0.0, 0.0, 0.0, 1.0], "fov": 75.0, "aspect": 1.7777777777777777, "override_transition_enabled": false, "override_transition_sec": null}, {"matrix": [0.9692248104776553, 0.01357769671829799, -0.2458025892995821, 0.3671655823949195, -0.2461733615276302, 0.047802526720081284, -0.9680462770515481, -0.0568529876888869, -0.0013938539162249297, 0.9987645190889602, 0.049673862143569926, 0.04236542659064495, 0.0, 0.0, 0.0, 1.0], "fov": 75.0, "aspect": 1.7777777777777777, "override_transition_enabled": false, "override_transition_sec": null}, {"matrix": [-0.02820211106439896, -0.13893687503030133, 0.9898995836388285, 0.48486848176008507, 0.9994614248015596, 0.012702434780614391, 0.030257370743029643, 0.17366571753000512, -0.01677799943819952, 0.9902197700043456, 0.13850381159878983, 0.11320573591688479, 0.0, 0.0, 0.0, 1.0], "fov": 75.0, "aspect": 1.7777777777777777, "override_transition_enabled": false, "override_transition_sec": null}, {"matrix": [-0.013938615294770806, -0.06093291134719414, 0.9980445357389716, 0.3843289659199542, 0.9997617109004258, 0.015921017082493605, 0.014934611896944616, 0.18516520265284164, -0.01679989348531069, 0.9980148804150235, 0.0606964747664005, 0.04015395828149074, 0.0, 0.0, 0.0, 1.0], "fov": 75.0, "aspect": 1.7777777777777777, "override_transition_enabled": false, "override_transition_sec": null}, {"matrix": [0.0787135205773083, -0.0038937456809027826, 0.9968896731448762, 0.2475578937438589, 0.9967547166274799, 0.017218465661000937, -0.07863561102422473, 0.24493251500719726, -0.01685872353406076, 0.9998441694508466, 0.005236435423904562, 0.012204169360556558, 0.0, 0.0, 0.0, 1.0], "fov": 75.0, "aspect": 1.7777777777777777, "override_transition_enabled": false, "override_transition_sec": null}, {"matrix": [0.06448347419487899, -0.09629006902068843, 0.9932623541460481, 0.10904905973159122, 0.9977763537792019, 0.023036613806144524, -0.06254328311999108, 0.186433465643543, -0.016859104212240184, 0.9950866982491213, 0.09756143486451607, 0.0411050585104213, 0.0, 0.0, 0.0, 1.0], "fov": 75.0, "aspect": 1.7777777777777777, "override_transition_enabled": false, "override_transition_sec": null}, {"matrix": [0.6216649268255656, -0.06419650021583329, 0.7806481461676591, -0.007659404390618208, 0.783159824404525, 0.068637698245892, -0.6180206758824333, 0.20862800117339247, -0.013907127440194789, 0.9955740433235213, 0.09294576949392469, 0.036480248114361, 0.0, 0.0, 0.0, 1.0], "fov": 75.0, "aspect": 1.7777777777777777, "override_transition_enabled": false, "override_transition_sec": null}, {"matrix": [0.6216649268255656, -0.06419650021583329, 0.7806481461676591, -0.09533558024974423, 0.783159824404525, 0.068637698245892, -0.6180206758824333, 0.2948755512657138, -0.013907127440194789, 0.9955740433235213, 0.09294576949392469, 0.03513306606800207, 0.0, 0.0, 0.0, 1.0], "fov": 75.0, "aspect": 1.7777777777777777, "override_transition_enabled": false, "override_transition_sec": null}, {"matrix": [0.9906351478618944, -0.00599576700210909, 0.13640401239955818, -0.11268534025763828, 0.13651498893638753, 0.026085449603838552, -0.9902945052430935, 0.44654849420135917, 0.002379415125696477, 0.9996417358719182, 0.026659675291300682, 0.015896803110232983, 0.0, 0.0, 0.0, 1.0], "fov": 75.0, "aspect": 1.7777777777777777, "override_transition_enabled": false, "override_transition_sec": null}, {"matrix": [0.9896359922053037, -0.0032546708827368154, 0.14356186836785387, -0.08247573173846577, 0.14357659544045465, 0.004863266702380227, -0.9896272580515905, 0.5434915582078012, 0.0025227313673783225, 0.9999828777306271, 0.005280158332991604, 0.010814026088416414, 0.0, 0.0, 0.0, 1.0], "fov": 75.0, "aspect": 1.7777777777777777, "override_transition_enabled": false, "override_transition_sec": null}, {"matrix": [0.6214246620246457, -0.05297706158117843, 0.7816807662810814, -0.12424353415990001, 0.7833183226407118, 0.02212775527797206, -0.6212268248085395, 0.5224329846565803, 0.015613931051996544, 0.9983505363310936, 0.055248635861180284, 0.02446340241695993, 0.0, 0.0, 0.0, 1.0], "fov": 75.0, "aspect": 1.7777777777777777, "override_transition_enabled": false, "override_transition_sec": null}, {"matrix": [0.6214246620246457, -0.05297706158117843, 0.7816807662810814, -0.17498712263932042, 0.7833183226407118, 0.02212775527797206, -0.6212268248085395, 0.5723444459388795, 0.015613931051996544, 0.9983505363310936, 0.055248635861180284, 0.02549328091385039, 0.0, 0.0, 0.0, 1.0], "fov": 75.0, "aspect": 1.7777777777777777, "override_transition_enabled": false, "override_transition_sec": null}, {"matrix": [0.6214246620246457, -0.05297706158117843, 0.7816807662810814, -0.3060767488250871, 0.7833183226407118, 0.02212775527797206, -0.6212268248085395, 0.6762988070716284, 0.015613931051996544, 0.9983505363310936, 0.055248635861180284, 0.02764812522560368, 0.0, 0.0, 0.0, 1.0], "fov": 75.0, "aspect": 1.7777777777777777, "override_transition_enabled": false, "override_transition_sec": null}, {"matrix": [-0.024724856330511136, 0.011682276023099458, 0.9996260330275296, -0.4500574111938477, 0.9996862129105344, 0.004309484707265665, 0.024675981401995728, 0.6987917900085446, -0.004019601476437873, 0.9999224733790506, -0.011785161665953559, 0.0019915448501705993, 0.0, 0.0, 0.0, 1.0], "fov": 75.0, "aspect": 1.7777777777777777, "override_transition_enabled": false, "override_transition_sec": null}, {"matrix": [-0.8366361060977647, 0.2318825126636229, -0.49625651259643394, -0.5127029425904515, -0.5477553639285371, -0.3508264010795814, 0.7595293921850982, 0.7177386411858808, 0.002021697575243897, 0.9072768798037089, 0.42052892422823995, 0.146753414840956, 0.0, 0.0, 0.0, 1.0], "fov": 75.0, "aspect": 1.7777777777777777, "override_transition_enabled": false, "override_transition_sec": null}], "camera_type": "perspective", "render_height": 1080.0, "render_width": 1920.0, "fps": 30.0, "seconds": 33.0, "is_cycle": false, "smoothness_value": 0.0, "camera_path": [{"camera_to_world": [-0.004749698293386118, -0.009207656043159429, -0.9999463282778296, -0.8626693725585941, -0.9999740422118631, -0.005374148246919952, 0.004799315897855927, -0.5195837497711171, -0.00541805025715808, 0.9999431671854213, -0.00918189145001802, 9.039260912696597e-05, 0.0, 0.0, 0.0, 1.0], "fov": 75.0, "aspect": 1.7777777777777777}, {"camera_to_world": [-0.005221684879623156, -0.008027661932801744, -0.9999541442740817, -0.8429362125957691, -0.9999716450617278, -0.005384129015651995, 0.005265000217017701, -0.5192941990889672, -0.005426147764325706, 0.9999532828080698, -0.007999320083872385, 0.0013865633179367357, 0.0, 0.0, 0.0, 1.0], "fov": 75.0, "aspect": 1.7777777777777777}, {"camera_to_world": [-0.0056866347921675775, -0.006865273444979114, -0.9999602643131709, -0.8232141392914523, -0.9999690687254948, -0.005394498099723921, 0.005723721037845353, -0.5190062233526775, -0.005433578655684279, 0.9999618829789354, -0.006834384552741546, 0.002681958208090473, 0.0, 0.0, 0.0, 1.0], "fov": 75.0, "aspect": 1.7777777777777777}, {"camera_to_world": [-0.006144546962174036, -0.005720492641641262, -0.9999647596323415, -0.8035142393041512, -0.9999663229047537, -0.005405231244966835, 0.006175478243367671, -0.518721397508108, -0.005440367540480329, 0.9999690292399688, -0.005687087294839688, 0.003975801460932147, 0.0, 0.0, 0.0, 1.0], "fov": 75.0, "aspect": 1.7777777777777777}, {"camera_to_world": [-0.0065954203909497355, -0.004593321418585761, -0.9999677003924736, -0.783847599292375, -0.9999634171541112, -0.005416304565130425, 0.006620271771650643, -0.5184412965011187, -0.005446538656744382, 0.9999747822036329, -0.004557430576243582, 0.0052673172578057235, 0.0, 0.0, 0.0, 1.0], "fov": 75.0, "aspect": 1.7777777777777777}, {"camera_to_world": [-0.007039254147483076, -0.003483761511631933, -0.9999691556777025, -0.7642253059146311, -0.9999603608811576, -0.005427694541942585, 0.007058101613354462, -0.5181674952775698, -0.005452115871128593, 0.999979201552557, -0.003445416497079745, 0.006555729780055175, 0.0, 0.0, 0.0, 1.0], "fov": 75.0, "aspect": 1.7777777777777777}, {"camera_to_world": [-0.007476047366010818, -0.0023918145027065907, -0.9999691934950623, -0.7446584458294278, -0.9999571633464355, -0.005439378025165809, 0.007488967809330005, -0.5179015687833213, -0.005457122678756476, 0.9999823460392108, -0.002351046997619455, 0.007840263209024461, 0.0, 0.0, 0.0, 1.0], "fov": 75.0, "aspect": 1.7777777777777777}, {"camera_to_world": [-0.007905799243626777, -0.0013174818258283594, -0.9999678807741565, -0.7251581056952731, -0.9999538336634137, -0.005451332232646822, 0.007912870448254117, -0.5176450919642333, -0.005461582203081683, 0.9999842734856021, -0.0012743238642770605, 0.009120141726057558, 0.0, 0.0, 0.0, 1.0], "fov": 75.0, "aspect": 1.7777777777777777}, {"camera_to_world": [-0.00832850903792226, -0.00026076477300363, -0.9999652833668466, -0.7057353721706753, -0.9999503807984614, -0.005463534750359544, 0.008329809664299304, -0.517399639766166, -0.0054655171957542215, 0.9999850407829932, -0.00021524873551637125, 0.010394589512498428, 0.0, 0.0, 0.0, 1.0], "fov": 75.0, "aspect": 1.7777777777777777}, {"camera_to_world": [-0.008744176064676257, 0.0007783354999884029, -0.9999614660469672, -0.6864013319141424, -0.9999468135708263, -0.0054759635324374, 0.008739785634850228, -0.5171667871349794, -0.005468950036493614, 0.9999847038916353, 0.0008261768923535362, 0.011662830749691043, 0.0, 0.0, 0.0, 1.0], "fov": 75.0, "aspect": 1.7777777777777777}, {"camera_to_world": [-0.009152799695560265, 0.0017998179678672122, -0.999956492510057, -0.6671670715841824, -0.9999431406526144, -0.005488596901204956, 0.009142798578238798, -0.5169481090165338, -0.0054719027329726, 0.9999833178405222, 0.0018499516594384646, 0.012924089618979373, 0.0, 0.0, 0.0, 1.0], "fov": 75.0, "aspect": 1.7777777777777777}, {"camera_to_world": [-0.00955437935591319, 0.002803681730273788, -0.9999504253731175, -0.6480436778393037, -0.999939370568775, -0.005501413547201461, 0.009538848751541873, -0.5167451803566889, -0.005474396920704894, 0.9999809367271649, 0.002856074336668901, 0.014177590301707376, 0.0, 0.0, 0.0, 1.0], "fov": 75.0, "aspect": 1.7777777777777777}, {"camera_to_world": [-0.009948914522522556, 0.0037899260062300155, -0.9999433261743842, -0.6290422373380142, -0.9999355116970847, -0.005514392529198386, 0.009927936448393182, -0.5165595761013051, -0.005476453862943764, 0.9999776137173778, 0.0038445438202503457, 0.01542255697921903, 0.0, 0.0, 0.0, 1.0], "fov": 75.0, "aspect": 1.7777777777777777}, {"camera_to_world": [-0.010336404721461911, 0.0047585501287317755, -0.99993525537312, -0.6101738367388222, -0.9999315722681352, -0.005527513274210638, 0.010310061996845754, -0.5163928711962422, -0.005478094450583726, 0.9999734010450858, 0.0048153591262449225, 0.016658213832858294, 0.0, 0.0, 0.0, 1.0], "fov": 75.0, "aspect": 1.7777777777777777}, {"camera_to_world": [-0.010716849525967742, 0.005709553539429146, -0.999926272349426, -0.5914495627002356, -0.999927560365323, -0.005540755577505552, 0.010685225757275318, -0.5162466405873607, -0.00547933920207222, 0.9999683500121446, 0.005768519385240645, 0.017883785043969147, 0.0, 0.0, 0.0, 1.0], "fov": 75.0, "aspect": 1.7777777777777777}, {"camera_to_world": [-0.01109024855434082, 0.006642935783392423, -0.9999164354040697, -0.5728805018807627, -0.9999234839248421, -0.005554099602604778, 0.011053428120308628, -0.5161224592205205, -0.005480208263326125, 0.9999625109881781, 0.006704023837106998, 0.019098494793895547, 0.0, 0.0, 0.0, 1.0], "fov": 75.0, "aspect": 1.7777777777777777}, {"camera_to_world": [-0.011456601467890404, 0.007558696503963347, -0.9999058017583289, -0.5544777409389113, -0.9999193507356767, -0.005567525881281399, 0.011414669504792585, -0.5160219020415815, -0.005480721407653322, 0.9999559334104289, 0.00762187182583518, 0.02030156726398146, 0.0, 0.0, 0.0, 1.0], "fov": 75.0, "aspect": 1.7777777777777777}, {"camera_to_world": [-0.011815907968932504, 0.008456835437748389, -0.9998944275538537, -0.53625236653319, -0.9999151684395995, -0.005581015313555482, 0.011768950355817154, -0.515946543996404, -0.00548089803568258, 0.9999486657836236, 0.008522062794520224, 0.02149222663557087, 0.0, 0.0, 0.0, 1.0], "fov": 75.0, "aspect": 1.7777777777777777}, {"camera_to_world": [-0.012168167798800256, 0.009337352409650834, -0.9998823678525381, -0.5182154653221066, -0.9999109445311646, -0.0055945491676812065, 0.012116271142754043, -0.5158979600308481, -0.005480757175297779, 0.9999407556798494, 0.009404596280385313, 0.022669697090007733, 0.0, 0.0, 0.0, 1.0], "fov": 75.0, "aspect": 1.7777777777777777}, {"camera_to_world": [-0.012513380735904134, 0.010200247328013057, -0.9998696766364132, -0.5003781239641693, -0.9999066863577118, -0.005608109080133983, 0.012456632357338238, -0.5158777250907738, -0.005480317481576236, 0.9999322497384473, 0.010269471909910677, 0.023833202808636014, 0.0, 0.0, 0.0, 1.0], "fov": 75.0, "aspect": 1.7777777777777777}, {"camera_to_world": [-0.012851546593837027, 0.011045520179883916, -0.9998564068075487, -0.48275142911788593, -0.9999024011193641, -0.0056216770555919116, 0.01279003451179972, -0.5158874141220411, -0.005479597236735079, 0.9999231936659128, 0.011116689394093715, 0.024981967972799696, 0.0, 0.0, 0.0, 1.0], "fov": 75.0, "aspect": 1.7777777777777777}, {"camera_to_world": [-0.013182665219514056, 0.011873171026362261, -0.999842610187968, -0.4653464674417651, -0.9998980958690307, -0.005635235466915245, 0.013116478137026988, -0.5159286020705103, -0.005478614350080013, 0.9999136322358102, 0.011946248523780512, 0.026115216763842725, 0.0, 0.0, 0.0, 1.0], "fov": 75.0, "aspect": 1.7777777777777777}, {"camera_to_world": [-0.013506736491334492, 0.012683199998010597, -0.9998283375195784, -0.4481743255943146, -0.9998937775124113, -0.0056487670551217395, 0.013435963780752291, -0.5160028638820414, -0.005477386357960412, 0.9999036092886991, 0.012758149165070676, 0.027232173363109086, 0.0, 0.0, 0.0, 1.0], "fov": 75.0, "aspect": 1.7777777777777777}, {"camera_to_world": [-0.013823760317401623, 0.013475607290393266, -0.9998136384641101, -0.4312460902340427, -0.999889452808, -0.0056622549293572355, 0.01374849200579592, -0.5161117745024946, -0.005475930423726794, 0.9998931677320684, 0.013552391254846252, 0.02833206195194273, 0.0, 0.0, 0.0, 1.0], "fov": 75.0, "aspect": 1.7777777777777777}, {"camera_to_world": [-0.014133736633774374, 0.014250393159710273, -0.9997985616030667, -0.4145728480194574, -0.9998851283670924, -0.005675682566867679, 0.014054063388339866, -0.5162569088777298, -0.005474263337694574, 0.9998823495402815, 0.014328974796395388, 0.029414106711687656, 0.0, 0.0, 0.0, 1.0], "fov": 75.0, "aspect": 1.7777777777777777}, {"camera_to_world": [-0.014436665402749127, 0.015007557918507164, -0.999783154437687, -0.3981656856090669, -0.9998808106537922, -0.005689033812967148, 0.014352678516233397, -0.5164398419536071, -0.005472401517112757, 0.9998711957545321, 0.015087899855113274, 0.030477531823687797, 0.0, 0.0, 0.0, 1.0], "fov": 75.0, "aspect": 1.7777777777777777}, {"camera_to_world": [-0.014732546611205266, 0.015747101931526897, -0.9997674633889155, -0.3820356896613793, -0.9998765059850196, -0.00570229288099966, 0.01464433798736009, -0.5166621486759868, -0.00547036100613113, 0.999859746482804, 0.015829166554345298, 0.03152156146928714, 0.0, 0.0, 0.0, 1.0], "fov": 75.0, "aspect": 1.7777777777777777}, {"camera_to_world": [-0.015021380268933626, 0.01646902561154079, -0.9997515337973844, -0.36619394683490264, -0.9998722205305217, -0.00571544435230531, 0.014929042407988369, -0.5169254039907288, -0.005468157475778002, 0.9998480408998469, 0.016552775071207282, 0.03254541982982965, 0.0, 0.0, 0.0, 1.0], "fov": 75.0, "aspect": 1.7777777777777777}, {"camera_to_world": [-0.015303166407081736, 0.01717332941545774, -0.9997354099233984, -0.350651543788145, -0.9998679603128804, -0.005728473176180637, 0.015206792391238788, -0.5172311828436933, -0.005465806223936942, 0.9998361172471507, 0.017258725632688432, 0.03354833108665929, 0.0, 0.0, 0.0, 1.0], "fov": 75.0, "aspect": 1.7777777777777777}, {"camera_to_world": [-0.015577905076563425, 0.01786001384034902, -0.9997191349469353, -0.33541956717961485, -0.9998637312075254, -0.005741364669835103, 0.015477588555514399, -0.5175810601807403, -0.005463322175325636, 0.999824012832934, 0.017947018511665802, 0.034529519421120036, 0.0, 0.0, 0.0, 1.0], "fov": 75.0, "aspect": 1.7777777777777777}, {"camera_to_world": [-0.015845596346548252, 0.018529079419672134, -0.9997027509676474, -0.32050910366781976, -0.9998595389427449, -0.005754104518354453, 0.015741431523010774, -0.51797661094773, -0.005460719881484999, 0.9998117640321361, 0.01861765402312049, 0.03548820901455585, 0.0, 0.0, 0.0, 1.0], "fov": 75.0, "aspect": 1.7777777777777777}, {"camera_to_world": [-0.016106240302971142, 0.019180526719545066, -0.9996862990048748, -0.30593123991126825, -0.9998553890996988, -0.005766678774651646, 0.015998321918246183, -0.5184194100905224, -0.005458013520760585, 0.9997994062864164, 0.019270632520402398, 0.0364236240483107, 0.0, 0.0, 0.0, 1.0], "fov": 75.0, "aspect": 1.7777777777777777}, {"camera_to_world": [-0.01635983704711219, 0.019814356335192518, -0.99966981899766, -0.2916970625684683, -0.999851287112431, -0.0057790738594268865, 0.016248260366660605, -0.5189110325549775, -0.0054552168982951454, 0.9997869741041586, 0.019905954391669922, 0.03733498870372855, 0.0, 0.0, 0.0, 1.0], "fov": 75.0, "aspect": 1.7777777777777777}, {"camera_to_world": [-0.016606386694146824, 0.020430568887330358, -0.9996533498047734, -0.2778176582979279, -0.9998472382678822, -0.005791276561118219, 0.016491247493186645, -0.5194530532869555, -0.005452343446019969, 0.9997745010604806, 0.020523620056265623, 0.03822152716215339, 0.0, 0.0, 0.0, 1.0], "fov": 75.0, "aspect": 1.7777777777777777}, {"camera_to_world": [-0.01684588937183018, 0.021029165018867646, -0.9996369292047396, -0.26430411375815555, -0.9998432477059056, -0.005803274035858563, 0.01672728392095102, -0.5200470472323165, -0.005449406222648168, 0.9997620197972487, 0.021123629961410484, 0.03908246360492915, 0.0, 0.0, 0.0, 1.0], "fov": 75.0, "aspect": 1.7777777777777777}, {"camera_to_world": [-0.017078345219100788, 0.021610145391421698, -0.9996205938958733, -0.25116751560765904, -0.9998393204192795, -0.005815053807425863, 0.016956370269898435, -0.5206945893369207, -0.005446417913672341, 0.999749562023099, 0.021705984578711923, 0.039917022213399836, 0.0, 0.0, 0.0, 1.0], "fov": 75.0, "aspect": 1.7777777777777777}, {"camera_to_world": [-0.01730375438485776, 0.022173510682259645, -0.9996043794963145, -0.23841895050494646, -0.9998354612537232, -0.005826603767197902, 0.01717850715558561, -0.521397254546628, -0.0054433908313610835, 0.9997371585134582, 0.02227068440109692, 0.040724427168909394, 0.0, 0.0, 0.0, 1.0], "fov": 75.0, "aspect": 1.7777777777777777}, {"camera_to_world": [-0.01752211702664852, 0.02271926158101789, -0.9995883205440715, -0.2260695051085261, -0.9998316749079108, -0.0058379121741032325, 0.017393695187887526, -0.5221566178072987, -0.005440336914761645, 0.9997248391105729, 0.022817729939526132, 0.041503902652801794, 0.0, 0.0, 0.0, 1.0], "fov": 75.0, "aspect": 1.7777777777777777}, {"camera_to_world": [-0.017733433309476854, 0.023247398786724383, -0.9995724504970658, -0.21413026607690605, -0.9998279659334868, -0.005848967654573101, 0.017601934969822097, -0.5229742540647926, -0.005437267729698547, 0.9997126327235374, 0.02334712172000719, 0.042254672846421, 0.0, 0.0, 0.0, 1.0], "fov": 75.0, "aspect": 1.7777777777777777}, {"camera_to_world": [-0.0179377034046333, 0.023757923004871673, -0.9995568017331793, -0.20261232006859425, -0.9998243387350816, -0.005859759202495374, 0.017803227096396257, -0.52385173826497, -0.005434194468778353, 0.9997005673283293, 0.023858860280661587, 0.04297596193111101, 0.0, 0.0, 0.0, 1.0], "fov": 75.0, "aspect": 1.7777777777777777}, {"camera_to_world": [-0.018134927488519748, 0.02425083494448571, -0.999541405550306, -0.19152675374209888, -0.9998207975703255, -0.005870276179163358, 0.017997572153449992, -0.524790645353691, -0.005431127951394721, 0.9996886699678433, 0.02435294616878869, 0.04366699408821576, 0.0, 0.0, 0.0, 1.0], "fov": 75.0, "aspect": 1.7777777777777777}, {"camera_to_world": [-0.01832510574159185, 0.024726135315474018, -0.9995262921664045, -0.18088465375592827, -0.9998173465498659, -0.005880508313233057, 0.018184970716609294, -0.5257925502768155, -0.0054280786237326795, 0.9996769667519299, 0.024829379938204332, 0.04432699349907922, 0.0, 0.0, 0.0, 1.0], "fov": 75.0, "aspect": 1.7777777777777777}, {"camera_to_world": [-0.018508238347276107, 0.025183824825925683, -0.9995114907195503, -0.1706971067685904, -0.9998139896373797, -0.005890445700671987, 0.018365423350223342, -0.5268590279802038, -0.005425056558775343, 0.999665482857433, 0.025288162146537452, 0.04495518434504536, 0.0, 0.0, 0.0, 1.0], "fov": 75.0, "aspect": 1.7777777777777777}, {"camera_to_world": [-0.018684325490905818, 0.025623904179444656, -0.9994970292679978, -0.1609751994385933, -0.9998107306495929, -0.005900078804713216, 0.018538930606311677, -0.5279916534097159, -0.0054220714563123495, 0.9996542425282358, 0.025729293352554916, 0.04555079080745816, 0.0, 0.0, 0.0, 1.0], "fov": 75.0, "aspect": 1.7777777777777777}, {"camera_to_world": [-0.01885336735879828, 0.02604637407285415, -0.9994829347902301, -0.15173001842444506, -0.9998075732562904, -0.005909398455812731, 0.01870549302365776, -0.5291920015112119, -0.005419132642949076, 0.9996432690752975, 0.026152774113862742, 0.04611303706766158, 0.0, 0.0, 0.0, 1.0], "fov": 75.0, "aspect": 1.7777777777777777}, {"camera_to_world": [-0.019015364137241586, 0.02645123519365422, -0.999469233185023, -0.14297265038465393, -0.9998045209803349, -0.005918395851599811, 0.018865111126808665, -0.5304616472305519, -0.005416249072114299, 0.9996325848767004, 0.026558604984356138, 0.046641147306999586, 0.0, 0.0, 0.0, 1.0], "fov": 75.0, "aspect": 1.7777777777777777}, {"camera_to_world": [-0.018974021715590594, 0.02682999257106855, -0.9994599231577888, -0.13479271461518355, -0.9998053209789121, -0.005921742877286862, 0.018821612671348187, -0.5318564742729655, -0.005413560952945318, 0.9996224709658802, 0.026937128612326666, 0.0471284034113945, 0.0, 0.0, 0.0, 1.0], "fov": 75.0, "aspect": 1.7777777777777777}, {"camera_to_world": [-0.0185508891958881, 0.02717492067653593, -0.9994585475127349, -0.12725757291062711, -0.9998132735732048, -0.005914460623771989, 0.018396661174289453, -0.5334252815302939, -0.00541133041623193, 0.9996131966124466, 0.0272795649043846, 0.04756968540997426, 0.0, 0.0, 0.0, 1.0], "fov": 75.0, "aspect": 1.7777777777777777}, {"camera_to_world": [-0.017772726203776235, 0.027487166393086016, -0.9994641493755363, -0.1203449256774366, -0.9998274177549045, -0.0058971065570899706, 0.01761700428035884, -0.535159016728315, -0.005409705060856973, 0.9996047618023501, 0.027587230256432227, 0.04796661469889134, 0.0, 0.0, 0.0, 1.0], "fov": 75.0, "aspect": 1.7777777777777777}, {"camera_to_world": [-0.016666287306778993, 0.027767867889755438, -0.9994754526151532, -0.11403247332206415, -0.9998464782010428, -0.005870289181429844, 0.01650938320769202, -0.5370486275928064, -0.005408779564738675, 0.9995971614694511, 0.02786144084279507, 0.04832081267429815, 0.0, 0.0, 0.0, 1.0], "fov": 75.0, "aspect": 1.7777777777777777}, {"camera_to_world": [-0.015258324801507905, 0.02801815694585913, -0.9994909536387054, -0.10829791625096179, -0.9998689566854384, -0.005834661794630103, 0.015100535702916584, -0.5390850618495457, -0.005408602501983384, 0.9995903859096982, 0.028103512518474538, 0.048633900732347156, 0.0, 0.0, 0.0, 1.0], "fov": 75.0, "aspect": 1.7777777777777777}, {"camera_to_world": [-0.013575591430931566, 0.028239161188355788, -0.9995090060087894, -0.1031189548705818, -0.9998932163279509, -0.005790916555752812, 0.013417198917429485, -0.541259267224311, -0.005409182807594837, 0.9995844211775324, 0.028314760824200147, 0.04890750026919079, 0.0, 0.0, 0.0, 1.0], "fov": 75.0, "aspect": 1.7777777777777777}, {"camera_to_world": [-0.01164484280508904, 0.02843200621340758, -0.9995278978891612, -0.0984732895873762, -0.9999175586868507, -0.005739778858625089, 0.01148611197849525, -0.5435621914428794, -0.0054104958897697175, 0.9995792494651612, 0.028496501064024515, 0.049143232680981475, 0.0, 0.0, 0.0, 1.0], "fov": 75.0, "aspect": 1.7777777777777777}, {"camera_to_world": [-0.009492839359258709, 0.02859781756721208, -0.9995459223223773, -0.09433862080779709, -0.9999402936973301, -0.005682002006717979, 0.009334018089371066, -0.5459847822310291, -0.005412489389953701, 0.9995748494653054, 0.028650048429549546, 0.04934271936387168, 0.0, 0.0, 0.0, 1.0], "fov": 75.0, "aspect": 1.7777777777777777}, {"camera_to_world": [-0.007146347738939407, 0.02873772256489726, -0.999561440340601, -0.09069264893829665, -0.9999598024568523, -0.005618362186135317, 0.006987666047985619, -0.5485179873145375, -0.0054150885908654245, 0.9995711967179367, 0.028776718148959934, 0.04950758171401384, 0.0, 0.0, 0.0, 1.0], "fov": 75.0, "aspect": 1.7777777777777777}, {"camera_to_world": [-0.00463214155090419, 0.028852851929752288, -0.9995729369086442, -0.08751307438532699, -0.9999745928559657, -0.0055496537348554975, 0.004473811123551885, -0.5511527544191824, -0.005418201472665918, 0.9995682639414596, 0.02887782564284569, 0.049639441127560385, 0.0, 0.0, 0.0, 1.0], "fov": 75.0, "aspect": 1.7777777777777777}, {"camera_to_world": [-0.0019770014642032097, 0.028944341238323623, -0.9995790696965847, -0.08477759755534013, -0.9999833480515543, -0.005476684707625412, 0.0018192152750823865, -0.5538800312707417, -0.005421723417361857, 0.9995660213487114, 0.028954686672331587, 0.04973991900066376, 0.0, 0.0, 0.0, 1.0], "fov": 75.0, "aspect": 1.7777777777777777}, {"camera_to_world": [0.0007922853158787158, 0.02901333215995744, -0.9995787106781304, -0.08246391885478829, -0.9999849677783876, -0.005400272737053791, -0.0009493532651379533, -0.5566907655949926, -0.005425541561433211, 0.9995644369480845, 0.029008617468327558, 0.049810636729476415, 0.0, 0.0, 0.0, 1.0], "fov": 75.0, "aspect": 1.7777777777777777}, {"camera_to_world": [0.0036489261439927034, 0.029060973482174013, -0.9995709805502878, -0.08054973869012359, -0.9999786024942994, -0.005321241192446591, -0.003805120986172139, -0.5595759051177134, -0.0054295387965542785, 0.9995634768299809, 0.029040934833722887, 0.04985321571015078, 0.0, 0.0, 0.0, 1.0], "fov": 75.0, "aspect": 1.7777777777777777}, {"camera_to_world": [0.006566124515726246, 0.02908842191587363, -0.9995552759699124, -0.07901275746779807, -0.9999636803544121, -0.005240415638822826, -0.006721310585858731, -0.5625263975646815, -0.005433597418209757, 0.9995631054387593, 0.02905295621310039, 0.049869277338839293, 0.0, 0.0, 0.0, 1.0], "fov": 75.0, "aspect": 1.7777777777777777}, {"camera_to_world": [0.009517082025027213, 0.02909684267674395, -0.999531289603269, -0.0778306755942639, -0.9999399270104332, -0.005158620599194252, -0.009671142842660463, -0.5655331906616745, -0.005437602421883736, 0.9995632858302462, 0.029045999727038863, 0.049860443011694414, 0.0, 0.0, 0.0, 1.0], "fov": 75.0, "aspect": 1.7777777777777777}, {"camera_to_world": [0.012475000571964934, 0.029087409841398515, -0.9994990229857397, -0.07698119347597321, -0.9999073782321368, -0.005076676623777421, -0.012627838745897513, -0.5685872321344704, -0.005441444446493027, 0.9995639799148308, 0.029021384170290987, 0.04982833412486857, 0.0, 0.0, 0.0, 1.0], "fov": 75.0, "aspect": 1.7777777777777777}, {"camera_to_world": [0.015413084682444844, 0.02906130647870825, -0.9994587921902145, -0.07644201151937804, -0.9998663853495726, -0.004995397670135571, -0.015564621746043117, -0.5716794697088465, -0.0054450223646904106, 0.9995651486861014, 0.02898042897508979, 0.0497745720745142, 0.0, 0.0, 0.0, 1.0], "fov": 75.0, "aspect": 1.7777777777777777}, {"camera_to_world": [0.01830454379465407, 0.02901972455849139, -0.9994112263042771, -0.07619083013093059, -0.9998176135161989, -0.004915588798439563, -0.01845471997993353, -0.5748008511105809, -0.0054482455196775414, 0.9995667524349309, 0.028924454142530587, 0.04970077825678375, 0.0, 0.0, 0.0, 1.0], "fov": 75.0, "aspect": 1.7777777777777777}, {"camera_to_world": [0.021122594365412195, 0.02896386464118811, -0.9993572587179829, -0.07620534971708293, -0.9997620327948409, -0.0048380441860620405, -0.0212713683241455, -0.577942324065451, -0.005451035608212695, 0.9995687509488784, 0.028854780146404635, 0.04960857406782966, 0.0, 0.0, 0.0, 1.0], "fov": 75.0, "aspect": 1.7777777777777777}, {"camera_to_world": [0.023840461653607425, 0.028894935353381612, -0.9992981112256076, -0.0764632706842872, -0.999700902070005, -0.004763545465564456, -0.02398781013381235, -0.5810948362992348, -0.005453328209561459, 0.9995711036967413, 0.028772727815023047, 0.04949958090380437, 0.0, 0.0, 0.0, 1.0], "fov": 75.0, "aspect": 1.7777777777777777}, {"camera_to_world": [0.02643138104715792, 0.028814152655005476, -0.9992352709460941, -0.0769422934389955, -0.9996357457914502, -0.004692860389804654, -0.02657729853339713, -0.5842493355377096, -0.005455073960217438, 0.9995737699980607, 0.02867961819747089, 0.04937542016086034, 0.0, 0.0, 0.0, 1.0], "fov": 75.0, "aspect": 1.7777777777777777}, {"camera_to_world": [0.028868598814569824, 0.028722738904829126, -0.9991704600678946, -0.07762011838765996, -0.9995683235549099, -0.004626741827437719, -0.029013097140580313, -0.5873967695066534, -0.005456239374325822, 0.9995767091773732, 0.0285767724213708, 0.04923771323514997, 0.0, 0.0, 0.0, 1.0], "fov": 75.0, "aspect": 1.7777777777777777}, {"camera_to_world": [0.031125372182318367, 0.02862192173127498, -0.9991055984243714, -0.07847444593673267, -0.9995005925263355, -0.004565927091444544, -0.03126848012456307, -0.5905280859318439, -0.005456807309840772, 0.9995798807029905, 0.028465511549572997, 0.04908808152282575, 0.0, 0.0, 0.0, 1.0], "fov": 75.0, "aspect": 1.7777777777777777}, {"camera_to_world": [0.03317496866467684, 0.02851293271591193, -0.9990427589057613, -0.07948297649266581, -0.999434662715873, -0.004511137602541515, -0.03331673152546616, -0.5936342325390587, -0.005456777080546427, 0.9995832443100818, 0.028347156443361554, 0.04892814642004008, 0.0, 0.0, 0.0, 1.0], "fov": 75.0, "aspect": 1.7777777777777777}, {"camera_to_world": [0.03499066460331046, 0.028397005896821703, -0.9989841157129151, -0.08062341046191138, -0.9993727451069931, -0.004463078888459093, -0.03513114379220794, -0.5967061570540755, -0.005456164214173553, 0.9995867601078616, 0.02822302763944179, 0.04875952932294543, 0.0, 0.0, 0.0, 1.0], "fov": 75.0, "aspect": 1.7777777777777777}, {"camera_to_world": [0.036545742910439105, 0.028275376098987726, -0.9989318854564535, -0.08187344825092165, -0.9993170926446147, -0.004422440918976478, -0.036685015532678, -0.5997348072026721, -0.005454999856896514, 0.9995903886706691, 0.028094445247811795, 0.04858385162769421, 0.0, 0.0, 0.0, 1.0], "fov": 75.0, "aspect": 1.7777777777777777}, {"camera_to_world": [0.03781349005040874, 0.028149277098041825, -0.9988882611028451, -0.08321079026614857, -0.9992699340838953, -0.0043898987755209284, -0.03795164851107946, -0.6027111307106261, -0.005453329824563424, 0.9995940911127869, 0.027962728876598952, 0.04840273473043889, 0.0, 0.0, 0.0, 1.0], "fov": 75.0, "aspect": 1.7777777777777777}, {"camera_to_world": [0.03876719234188036, 0.02801993962315591, -0.9988553387660509, -0.0846131369140444, -0.9992334006984926, -0.004366113652808756, -0.03890434397462916, -0.6056260753037153, -0.0054512133010150565, 0.9995978291468451, 0.027829197589247623, 0.0482178000273319, 0.0, 0.0, 0.0, 1.0], "fov": 75.0, "aspect": 1.7777777777777777}, {"camera_to_world": [0.03938013171476751, 0.027888589203710734, -0.9988350373401778, -0.08605818860106114, -0.9992094458438573, -0.004351734188657419, -0.03951639844371979, -0.6084705887077172, -0.005448721183829219, 0.9996015651257145, 0.02769516989806986, 0.04803066891452569, 0.0, 0.0, 0.0, 1.0], "fov": 75.0, "aspect": 1.7777777777777777}, {"camera_to_world": [0.03962558111369313, 0.027756443863128588, -0.9988290109650777, -0.08752364573365104, -0.9991997573675759, -0.004347398116615164, -0.039761099157255675, -0.6112356186484097, -0.00544593407778482, 0.9996052620678268, 0.027561963796721323, 0.047842962788172676, 0.0, 0.0, 0.0, 1.0], "fov": 75.0, "aspect": 1.7777777777777777}, {"camera_to_world": [0.039476799802897033, 0.02762471166195235, -0.9988385543134168, -0.08898720871826611, -0.9992056628553367, -0.00435373423444102, -0.039611719428008285, -0.6139121128515704, -0.005442939936226632, 0.9996088836659116, 0.027430896832600526, 0.047656303044425335, 0.0, 0.0, 0.0, 1.0], "fov": 75.0, "aspect": 1.7777777777777777}, {"camera_to_world": [0.038907028895890206, 0.027494588089701566, -0.9988645006847885, -0.09042657796135853, -0.9992280276980694, -0.004371364679804979, -0.03904151423116747, -0.6164910190429771, -0.005439831350388669, 0.9996123942792094, 0.027303286217331746, 0.04747231107943607, 0.0, 0.0, 0.0, 1.0], "fov": 75.0, "aspect": 1.7777777777777777}, {"camera_to_world": [0.037889487506651, 0.027367253304834194, -0.998907112890399, -0.09181945386938026, -0.9992671459637588, -0.004400907502742357, -0.038023716422736886, -0.6189632849484074, -0.005436702486594169, 0.9996157589092429, 0.027180448972945692, 0.047292608289357364, 0.0, 0.0, 0.0, 1.0], "fov": 75.0, "aspect": 1.7777777777777777}, {"camera_to_world": [0.036397369998926676, 0.027243869217779104, -0.9989659669113886, -0.09314353684878363, -0.9993226240568572, -0.004442979522499224, -0.036531534064144056, -0.621319858293639, -0.005433645671029275, 0.9996189431593456, 0.02706370210659481, 0.047118816070341615, 0.0, 0.0, 0.0, 1.0], "fov": 75.0, "aspect": 1.7777777777777777}, {"camera_to_world": [0.03440384489470155, 0.02712557641153629, -0.9990398283155699, -0.09437652730602072, -0.9993932571499227, -0.004498199454347984, -0.0345381494139097, -0.6235516868044498, -0.0054307476216410855, 0.9996219131781832, 0.026954362805661436, 0.04695255581854129, 0.0, 0.0, 0.0, 1.0], "fov": 75.0, "aspect": 1.7777777777777777}, {"camera_to_world": [0.031882056093018474, 0.027013490890899217, -0.9991265214221714, -0.0954961256475435, -0.9994768983768307, -0.0045671912897712885, -0.032016720237289076, -0.6256497182066172, -0.00542808532650535, 0.9996246355875839, 0.026853748641078756, 0.04679544893010883, 0.0, 0.0, 0.0, 1.0], "fov": 75.0, "aspect": 1.7777777777777777}, {"camera_to_world": [0.028805127146193876, 0.02690870064908457, -0.9992227912129856, -0.0964800322798041, -0.9995703207856664, -0.004650587911083859, -0.028940384180619505, -0.627604900225919, -0.005425721567880071, 0.9996270773950953, 0.026763177763647283, 0.046649116801196676, 0.0, 0.0, 0.0, 1.0], "fov": 75.0, "aspect": 1.7777777777777777}, {"camera_to_world": [0.025146169441488953, 0.026812262037778922, -0.9993241580022157, -0.09730594760925486, -0.9996690720632215, -0.004749034919024231, -0.025282267058070407, -0.629408180588133, -0.005423700091046979, 0.9996292058917424, 0.026683969074464964, 0.04651518082795726, 0.0, 0.0, 0.0, 1.0], "fov": 75.0, "aspect": 1.7777777777777777}, {"camera_to_world": [0.020878295242763523, 0.02672519592385092, -0.9994247648975824, -0.09795157204234775, -0.9997673220632247, -0.004863194649181279, -0.02101549600491498, -0.6310505070190369, -0.0054220404170773895, 0.9996309885355876, 0.026617442346694664, 0.046395262406543014, 0.0, 0.0, 0.0, 1.0], "fov": 75.0, "aspect": 1.7777777777777777}, {"camera_to_world": [0.015974636658279695, 0.026648483613153584, -0.9995172181132028, -0.09839460598553482, -0.9998577031983009, -0.004993750350137605, -0.016113218563009235, -0.6325228272444083, -0.0054207322987527284, 0.9996323928217614, 0.026564918271759497, 0.046290982933106406, 0.0, 0.0, 0.0, 1.0], "fov": 75.0, "aspect": 1.7777777777777777}, {"camera_to_world": [0.01040837171746678, 0.026583062519041523, -0.9995924202320161, -0.09861274984526829, -0.9999311437928502, -0.005141410493064158, -0.010548628880752586, -0.633816088990025, -0.0054197298191955845, 0.9996333861397639, 0.026527718398618283, 0.04620396380379986, 0.0, 0.0, 0.0, 1.0], "fov": 75.0, "aspect": 1.7777777777777777}, {"camera_to_world": [0.004152758860858086, 0.026529821550440758, -0.9996393965637536, -0.09858370402800025, -0.9999766945421709, -0.005306913179006667, -0.004295002331133613, -0.6349212399816646, -0.005418945133282005, 0.9996339356189405, 0.026507164930075378, 0.046135826414775816, 0.0, 0.0, 0.0, 1.0], "fov": 75.0, "aspect": 1.7777777777777777}, {"camera_to_world": [-0.0028188187270781206, 0.026489596191657194, -0.999645114