{"default_fov": 75.0, "default_transition_sec": 1.0, "keyframes": [{"matrix": [-0.0047496982933856735, -0.009207656043159373, -0.9999463282778294, -0.8626693725585941, -0.999974042211863, -0.005374148246919619, 0.004799315897855705, -0.5195837497711171, -0.005418050257157858, 0.9999431671854211, -0.009181891450017687, 9.039260912696597e-05, 0.0, 0.0, 0.0, 1.0], "fov": 75.0, "aspect": 1.7777777777777777, "override_transition_enabled": false, "override_transition_sec": null}, {"matrix": [-0.0047496982933856735, -0.009207656043159373, -0.9999463282778294, -0.8626693725585941, -0.999974042211863, -0.005374148246919619, 0.004799315897855705, -0.5195837497711171, -0.005418050257157858, 0.9999431671854211, -0.009181891450017687, 9.039260912696597e-05, 0.0, 0.0, 0.0, 1.0], "fov": 75.0, "aspect": 1.7777777777777777, "override_transition_enabled": false, "override_transition_sec": null}, {"matrix": [-0.019015364137241697, 0.026451235193654443, -0.9994692331850232, -0.14297265038465393, -0.9998045209803349, -0.0059183958516000335, 0.018865111126808554, -0.5304616472305519, -0.00541624907211441, 0.9996325848767005, 0.026558604984356304, 0.046641147306999586, 0.0, 0.0, 0.0, 1.0], "fov": 75.0, "aspect": 1.7777777777777777, "override_transition_enabled": false, "override_transition_sec": null}, {"matrix": [-0.019015364137241697, 0.026451235193654443, -0.9994692331850232, -0.14297265038465393, -0.9998045209803349, -0.0059183958516000335, 0.018865111126808554, -0.5304616472305519, -0.00541624907211441, 0.9996325848767005, 0.026558604984356304, 0.046641147306999586, 0.0, 0.0, 0.0, 1.0], "fov": 75.0, "aspect": 1.7777777777777777, "override_transition_enabled": false, "override_transition_sec": null}, {"matrix": [-0.019015364137241697, 0.026451235193654443, -0.9994692331850232, -0.09679043257870808, -0.9998045209803349, -0.0059183958516000335, 0.018865111126808554, -0.6370175056904982, -0.00541624907211441, 0.9996325848767005, 0.026558604984356304, 0.04606091865092314, 0.0, 0.0, 0.0, 1.0], "fov": 75.0, "aspect": 1.7777777777777777, "override_transition_enabled": false, "override_transition_sec": null}, {"matrix": [-0.019015364137241697, 0.026451235193654443, -0.9994692331850232, -0.09679043257870808, -0.9998045209803349, -0.0059183958516000335, 0.018865111126808554, -0.6370175056904982, -0.00541624907211441, 0.9996325848767005, 0.026558604984356304, 0.04606091865092314, 0.0, 0.0, 0.0, 1.0], "fov": 75.0, "aspect": 1.7777777777777777, "override_transition_enabled": false, "override_transition_sec": null}, {"matrix": [-0.7297505133580844, 0.01810789215304537, -0.6834736955402053, -0.04677256512379138, -0.68370373437931, -0.02467737954507021, 0.7293423273981663, -0.5642884956486249, -0.0036594875867403953, 0.9995314558234583, 0.030388763878122504, 0.0475996147712965, 0.0, 0.0, 0.0, 1.0], "fov": 75.0, "aspect": 1.7777777777777777, "override_transition_enabled": false, "override_transition_sec": null}, {"matrix": [-0.7297505133580844, 0.01810789215304537, -0.6834736955402053, -0.04677256512379138, -0.68370373437931, -0.02467737954507021, 0.7293423273981663, -0.5642884956486249, -0.0036594875867403953, 0.9995314558234583, 0.030388763878122504, 0.0475996147712965, 0.0, 0.0, 0.0, 1.0], "fov": 75.0, "aspect": 1.7777777777777777, "override_transition_enabled": false, "override_transition_sec": null}, {"matrix": [-0.6475421007884341, -0.025484704984883533, 0.7616034122286579, 0.13306453360208112, 0.7620182719193975, -0.027123470039751796, 0.6469872260207136, -0.6072870691924187, 0.004169048749630699, 0.9993071835951327, 0.036983399623169655, 0.0569930190585084, 0.0, 0.0, 0.0, 1.0], "fov": 75.0, "aspect": 1.7777777777777777, "override_transition_enabled": false, "override_transition_sec": null}, {"matrix": [-0.6475421007884341, -0.025484704984883533, 0.7616034122286579, 0.13306453360208112, 0.7620182719193975, -0.027123470039751796, 0.6469872260207136, -0.6072870691924187, 0.004169048749630699, 0.9993071835951327, 0.036983399623169655, 0.0569930190585084, 0.0, 0.0, 0.0, 1.0], "fov": 75.0, "aspect": 1.7777777777777777, "override_transition_enabled": false, "override_transition_sec": null}, {"matrix": [0.9692248104776554, 0.013577680887446347, -0.24580259017404943, -0.04480943257032262, -0.24617336152763006, 0.04780246437331324, -0.9680462801302554, -0.5184535007322798, -0.0013938539162249575, 0.9987645222881902, 0.04967379781840152, 0.03988970824534345, 0.0, 0.0, 0.0, 1.0], "fov": 75.0, "aspect": 1.7777777777777777, "override_transition_enabled": false, "override_transition_sec": null}, {"matrix": [0.9692248104776554, 0.013577680887446347, -0.24580259017404943, -0.04480943257032262, -0.24617336152763006, 0.04780246437331324, -0.9680462801302554, -0.5184535007322798, -0.0013938539162249575, 0.9987645222881902, 0.04967379781840152, 0.03988970824534345, 0.0, 0.0, 0.0, 1.0], "fov": 75.0, "aspect": 1.7777777777777777, "override_transition_enabled": false, "override_transition_sec": null}, {"matrix": [0.9692248104776553, 0.013577696718297935, -0.2458025892995821, 0.03800922877592299, -0.2461733615276302, 0.04780252672008117, -0.968046277051548, -0.452120541884762, -0.0013938539162249575, 0.9987645190889601, 0.04967386214356981, 0.04024404073141869, 0.0, 0.0, 0.0, 1.0], "fov": 75.0, "aspect": 1.7777777777777777, "override_transition_enabled": false, "override_transition_sec": null}, {"matrix": [0.9692248104776553, 0.013577696718297935, -0.2458025892995821, 0.03800922877592299, -0.2461733615276302, 0.04780252672008117, -0.968046277051548, -0.452120541884762, -0.0013938539162249575, 0.9987645190889601, 0.04967386214356981, 0.04024404073141869, 0.0, 0.0, 0.0, 1.0], "fov": 75.0, "aspect": 1.7777777777777777, "override_transition_enabled": false, "override_transition_sec": null}, {"matrix": [0.9692248104776553, 0.013577696718297935, -0.2458025892995821, 0.1915223166921678, -0.2461733615276302, 0.04780252672008117, -0.968046277051548, -0.30942295424717975, -0.0013938539162249575, 0.9987645190889601, 0.04967386214356981, 0.04100774736722296, 0.0, 0.0, 0.0, 1.0], "fov": 75.0, "aspect": 1.7777777777777777, "override_transition_enabled": false, "override_transition_sec": null}, {"matrix": [0.9692248104776553, 0.013577696718297935, -0.2458025892995821, 0.1915223166921678, -0.2461733615276302, 0.04780252672008117, -0.968046277051548, -0.30942295424717975, -0.0013938539162249575, 0.9987645190889601, 0.04967386214356981, 0.04100774736722296, 0.0, 0.0, 0.0, 1.0], "fov": 75.0, "aspect": 1.7777777777777777, "override_transition_enabled": false, "override_transition_sec": null}, {"matrix": [0.9692248104776553, 0.013577696718297935, -0.2458025892995821, 0.29274880550816545, -0.2461733615276302, 0.04780252672008117, -0.968046277051548, -0.1903600974115815, -0.0013938539162249575, 0.9987645190889601, 0.04967386214356981, 0.0416466246194115, 0.0, 0.0, 0.0, 1.0], "fov": 75.0, "aspect": 1.7777777777777777, "override_transition_enabled": false, "override_transition_sec": null}, {"matrix": [0.9692248104776553, 0.013577696718297935, -0.2458025892995821, 0.29274880550816545, -0.2461733615276302, 0.04780252672008117, -0.968046277051548, -0.1903600974115815, -0.0013938539162249575, 0.9987645190889601, 0.04967386214356981, 0.0416466246194115, 0.0, 0.0, 0.0, 1.0], "fov": 75.0, "aspect": 1.7777777777777777, "override_transition_enabled": false, "override_transition_sec": null}, {"matrix": [0.9692248104776553, 0.013577696718297949, -0.24580258929958215, 0.3671769055564102, -0.24617336152763025, 0.047802526720081284, -0.9680462770515481, -0.0568131226262813, -0.001393853916224888, 0.9987645190889602, 0.04967386214356992, 0.043198349300251765, 0.0, 0.0, 0.0, 1.0], "fov": 75.0, "aspect": 1.7777777777777777, "override_transition_enabled": false, "override_transition_sec": null}, {"matrix": [0.07106057996731041, -0.004275518080762819, 0.9974628383653452, 0.3677744350274609, 0.9972127337800034, -0.022494012610042136, -0.07113918036997274, -0.054911352889604324, 0.022741098516160962, 0.9997378353057567, 0.002665163491781697, 0.12281597501602351, 0.0, 0.0, 0.0, 1.0], "fov": 75.0, "aspect": 1.7777777777777777, "override_transition_enabled": false, "override_transition_sec": null}, {"matrix": [-0.02820211106439896, -0.1389368750303015, 0.9898995836388285, 0.48486848176008507, 0.9994614248015594, 0.012702434780614502, 0.030257370743029532, 0.17366571753000512, -0.016777999438199576, 0.9902197700043454, 0.13850381159879005, 0.11320573591688479, 0.0, 0.0, 0.0, 1.0], "fov": 75.0, "aspect": 1.7777777777777777, "override_transition_enabled": false, "override_transition_sec": null}, {"matrix": [-0.02820211106439896, -0.1389368750303015, 0.9898995836388285, 0.48486848176008507, 0.9994614248015594, 0.012702434780614502, 0.030257370743029532, 0.17366571753000512, -0.016777999438199576, 0.9902197700043454, 0.13850381159879005, 0.11320573591688479, 0.0, 0.0, 0.0, 1.0], "fov": 75.0, "aspect": 1.7777777777777777, "override_transition_enabled": false, "override_transition_sec": null}, {"matrix": [-0.013938615294770806, -0.060932911347194696, 0.9980445357389716, 0.3843289659199542, 0.9997617109004259, 0.015921017082493605, 0.014934611896944505, 0.18516520265284164, -0.016799893485310857, 0.9980148804150237, 0.06069647476640089, 0.04015395828149074, 0.0, 0.0, 0.0, 1.0], "fov": 75.0, "aspect": 1.7777777777777777, "override_transition_enabled": false, "override_transition_sec": null}, {"matrix": [-0.013938615294770806, -0.060932911347194696, 0.9980445357389716, 0.3843289659199542, 0.9997617109004259, 0.015921017082493605, 0.014934611896944505, 0.18516520265284164, -0.016799893485310857, 0.9980148804150237, 0.06069647476640089, 0.04015395828149074, 0.0, 0.0, 0.0, 1.0], "fov": 75.0, "aspect": 1.7777777777777777, "override_transition_enabled": false, "override_transition_sec": null}, {"matrix": [0.07871352057730857, -0.00389374568090306, 0.9968896731448762, 0.2475578937438589, 0.9967547166274798, 0.01721846566100077, -0.07863561102422478, 0.24493251500719726, -0.016858723534060538, 0.9998441694508466, 0.005236435423904895, 0.012204169360556558, 0.0, 0.0, 0.0, 1.0], "fov": 75.0, "aspect": 1.7777777777777777, "override_transition_enabled": false, "override_transition_sec": null}, {"matrix": [0.07871352057730857, -0.00389374568090306, 0.9968896731448762, 0.2475578937438589, 0.9967547166274798, 0.01721846566100077, -0.07863561102422478, 0.24493251500719726, -0.016858723534060538, 0.9998441694508466, 0.005236435423904895, 0.012204169360556558, 0.0, 0.0, 0.0, 1.0], "fov": 75.0, "aspect": 1.7777777777777777, "override_transition_enabled": false, "override_transition_sec": null}, {"matrix": [0.06448347419487899, -0.09629006902068865, 0.9932623541460481, 0.10904905973159122, 0.9977763537792019, 0.023036613806144413, -0.06254328311999108, 0.186433465643543, -0.016859104212240072, 0.9950866982491213, 0.09756143486451624, 0.0411050585104213, 0.0, 0.0, 0.0, 1.0], "fov": 75.0, "aspect": 1.7777777777777777, "override_transition_enabled": false, "override_transition_sec": null}, {"matrix": [0.06448347419487899, -0.09629006902068865, 0.9932623541460481, 0.10904905973159122, 0.9977763537792019, 0.023036613806144413, -0.06254328311999108, 0.186433465643543, -0.016859104212240072, 0.9950866982491213, 0.09756143486451624, 0.0411050585104213, 0.0, 0.0, 0.0, 1.0], "fov": 75.0, "aspect": 1.7777777777777777, "override_transition_enabled": false, "override_transition_sec": null}, {"matrix": [0.6216649268255655, -0.06419650021583317, 0.7806481461676591, -0.007659404390618208, 0.783159824404525, 0.06863769824589194, -0.618020675882433, 0.20862800117339247, -0.013907127440194678, 0.9955740433235211, 0.09294576949392466, 0.036480248114361, 0.0, 0.0, 0.0, 1.0], "fov": 75.0, "aspect": 1.7777777777777777, "override_transition_enabled": false, "override_transition_sec": null}, {"matrix": [0.6216649268255655, -0.06419650021583317, 0.7806481461676591, -0.007659404390618208, 0.783159824404525, 0.06863769824589194, -0.618020675882433, 0.20862800117339247, -0.013907127440194678, 0.9955740433235211, 0.09294576949392466, 0.036480248114361, 0.0, 0.0, 0.0, 1.0], "fov": 75.0, "aspect": 1.7777777777777777, "override_transition_enabled": false, "override_transition_sec": null}, {"matrix": [0.6216649268255655, -0.06419650021583317, 0.7806481461676591, -0.09533558024974423, 0.783159824404525, 0.06863769824589194, -0.618020675882433, 0.2948755512657138, -0.013907127440194678, 0.9955740433235211, 0.09294576949392466, 0.03513306606800207, 0.0, 0.0, 0.0, 1.0], "fov": 75.0, "aspect": 1.7777777777777777, "override_transition_enabled": false, "override_transition_sec": null}, {"matrix": [0.6216649268255655, -0.06419650021583317, 0.7806481461676591, -0.09533558024974423, 0.783159824404525, 0.06863769824589194, -0.618020675882433, 0.2948755512657138, -0.013907127440194678, 0.9955740433235211, 0.09294576949392466, 0.03513306606800207, 0.0, 0.0, 0.0, 1.0], "fov": 75.0, "aspect": 1.7777777777777777, "override_transition_enabled": false, "override_transition_sec": null}, {"matrix": [0.9906351478618944, -0.005995767002109104, 0.13640401239955818, -0.11268534025763828, 0.13651498893638753, 0.026085449603838774, -0.9902945052430936, 0.44654849420135917, 0.002379415125696435, 0.9996417358719183, 0.026659675291300904, 0.015896803110232983, 0.0, 0.0, 0.0, 1.0], "fov": 75.0, "aspect": 1.7777777777777777, "override_transition_enabled": false, "override_transition_sec": null}, {"matrix": [0.9906351478618944, -0.005995767002109104, 0.13640401239955818, -0.11268534025763828, 0.13651498893638753, 0.026085449603838774, -0.9902945052430936, 0.44654849420135917, 0.002379415125696435, 0.9996417358719183, 0.026659675291300904, 0.015896803110232983, 0.0, 0.0, 0.0, 1.0], "fov": 75.0, "aspect": 1.7777777777777777, "override_transition_enabled": false, "override_transition_sec": null}, {"matrix": [0.9896359922053037, -0.0032546708827368293, 0.1435618683678539, -0.08247573173846577, 0.14357659544045465, 0.004863266702380227, -0.9896272580515907, 0.5434915582078012, 0.0025227313673783086, 0.9999828777306273, 0.005280158332991604, 0.010814026088416414, 0.0, 0.0, 0.0, 1.0], "fov": 75.0, "aspect": 1.7777777777777777, "override_transition_enabled": false, "override_transition_sec": null}, {"matrix": [0.9896359922053037, -0.0032546708827368293, 0.1435618683678539, -0.08247573173846577, 0.14357659544045465, 0.004863266702380227, -0.9896272580515907, 0.5434915582078012, 0.0025227313673783086, 0.9999828777306273, 0.005280158332991604, 0.010814026088416414, 0.0, 0.0, 0.0, 1.0], "fov": 75.0, "aspect": 1.7777777777777777, "override_transition_enabled": false, "override_transition_sec": null}, {"matrix": [0.6214246620246457, -0.05297706158117843, 0.7816807662810814, -0.12424353415990001, 0.7833183226407118, 0.022127755277972116, -0.6212268248085397, 0.5224329846565803, 0.015613931051996432, 0.9983505363310936, 0.055248635861180284, 0.02446340241695993, 0.0, 0.0, 0.0, 1.0], "fov": 75.0, "aspect": 1.7777777777777777, "override_transition_enabled": false, "override_transition_sec": null}, {"matrix": [0.6214246620246457, -0.05297706158117843, 0.7816807662810814, -0.12424353415990001, 0.7833183226407118, 0.022127755277972116, -0.6212268248085397, 0.5224329846565803, 0.015613931051996432, 0.9983505363310936, 0.055248635861180284, 0.02446340241695993, 0.0, 0.0, 0.0, 1.0], "fov": 75.0, "aspect": 1.7777777777777777, "override_transition_enabled": false, "override_transition_sec": null}, {"matrix": [0.6214246620246457, -0.05297706158117843, 0.7816807662810814, -0.3060767488250871, 0.7833183226407118, 0.022127755277972116, -0.6212268248085397, 0.6762988070716284, 0.015613931051996432, 0.9983505363310936, 0.055248635861180284, 0.02764812522560368, 0.0, 0.0, 0.0, 1.0], "fov": 75.0, "aspect": 1.7777777777777777, "override_transition_enabled": false, "override_transition_sec": null}, {"matrix": [0.6214246620246457, -0.05297706158117843, 0.7816807662810814, -0.17498712263932042, 0.7833183226407118, 0.022127755277972116, -0.6212268248085397, 0.5723444459388795, 0.015613931051996432, 0.9983505363310936, 0.055248635861180284, 0.02549328091385039, 0.0, 0.0, 0.0, 1.0], "fov": 75.0, "aspect": 1.7777777777777777, "override_transition_enabled": false, "override_transition_sec": null}, {"matrix": [-0.024724856330511136, 0.011682276023099458, 0.9996260330275297, -0.4500574111938477, 0.9996862129105344, 0.004309484707266109, 0.024675981401995728, 0.6987917900085446, -0.0040196014764382615, 0.9999224733790506, -0.011785161665953559, 0.0019915448501705993, 0.0, 0.0, 0.0, 1.0], "fov": 75.0, "aspect": 1.7777777777777777, "override_transition_enabled": false, "override_transition_sec": null}, {"matrix": [0.6214246620246457, -0.05297706158117843, 0.7816807662810814, -0.3060767488250871, 0.7833183226407118, 0.022127755277972116, -0.6212268248085397, 0.6762988070716284, 0.015613931051996432, 0.9983505363310936, 0.055248635861180284, 0.02764812522560368, 0.0, 0.0, 0.0, 1.0], "fov": 75.0, "aspect": 1.7777777777777777, "override_transition_enabled": false, "override_transition_sec": null}, {"matrix": [-0.8366361060977648, 0.231882512663623, -0.49625651259643394, -0.5127029425904515, -0.5477553639285371, -0.3508264010795814, 0.7595293921850983, 0.7177386411858808, 0.0020216975752440636, 0.907276879803709, 0.42052892422823984, 0.146753414840956, 0.0, 0.0, 0.0, 1.0], "fov": 75.0, "aspect": 1.7777777777777777, "override_transition_enabled": false, "override_transition_sec": null}, {"matrix": [-0.024724856330511136, 0.011682276023099458, 0.9996260330275297, -0.4500574111938477, 0.9996862129105344, 0.004309484707266109, 0.024675981401995728, 0.6987917900085446, -0.0040196014764382615, 0.9999224733790506, -0.011785161665953559, 0.0019915448501705993, 0.0, 0.0, 0.0, 1.0], "fov": 75.0, "aspect": 1.7777777777777777, "override_transition_enabled": false, "override_transition_sec": null}, {"matrix": [-0.8366361060977648, 0.231882512663623, -0.49625651259643394, -0.5127029425904515, -0.5477553639285371, -0.3508264010795814, 0.7595293921850983, 0.7177386411858808, 0.0020216975752440636, 0.907276879803709, 0.42052892422823984, 0.146753414840956, 0.0, 0.0, 0.0, 1.0], "fov": 75.0, "aspect": 1.7777777777777777, "override_transition_enabled": false, "override_transition_sec": null}], "camera_type": "perspective", "render_height": 1080.0, "render_width": 1920.0, "fps": 24.0, "seconds": 44.0, "is_cycle": false, "smoothness_value": 0.0, "camera_path": [{"camera_to_world": [-0.0047496982933856735, -0.009207656043159207, -0.9999463282778296, -0.8626693725585941, -0.9999740422118631, -0.005374148246919619, 0.004799315897855538, -0.5195837497711171, -0.005418050257157692, 0.9999431671854212, -0.009181891450017687, 9.039260912696597e-05, 0.0, 0.0, 0.0, 1.0], "fov": 75.0, "aspect": 1.7777777777777777}, {"camera_to_world": [-0.004737831320676622, -0.009237324348283782, -0.9999461109446155, -0.8701531980658643, -0.999974099649517, -0.005373904384170292, 0.004787607106622849, -0.519470635060484, -0.005417839469235464, 0.9999428948647788, -0.009211624445839894, -0.0003936692389502324, 0.0, 0.0, 0.0, 1.0], "fov": 75.0, "aspect": 1.7777777777777777}, {"camera_to_world": [-0.0047042942542339095, -0.009321169529838136, -0.9999454912214794, -0.8775589314808847, -0.9999742612218765, -0.005373217085022697, 0.004754517001732073, -0.5193587006772659, -0.00541724185652831, 0.9999421204933581, -0.009295652420064027, -0.0008726800068735817, 0.0, 0.0, 0.0, 1.0], "fov": 75.0, "aspect": 1.7777777777777777}, {"camera_to_world": [-0.004652182901906721, -0.00945145195785857, -0.9999445120856134, -0.8848084807114057, -0.9999745100778858, -0.005372154633082715, 0.004703099944758871, -0.5192491269488786, -0.005416307666607223, 0.999940903259031, -0.009426218795153818, -0.0013415886144892328, 0.0, 0.0, 0.0, 1.0], "fov": 75.0, "aspect": 1.7777777777777777}, {"camera_to_world": [-0.00458459309365844, -0.00962043197903717, -0.999943212784957, -0.8918237536651773, -0.9999748288588628, -0.005370786580749964, 0.004636410270019764, -0.5191430942027372, -0.005415085858367197, 0.9999392991277223, -0.00959556695072028, -0.001795343981643337, 0.0, 0.0, 0.0, 1.0], "fov": 75.0, "aspect": 1.7777777777777777}, {"camera_to_world": [-0.004504620661186953, -0.009820369934931517, -0.9999416326601469, -0.8985266582499498, -0.9999752002187259, -0.005369182448949239, 0.004557502314762929, -0.519041782766257, -0.005413625422762636, 0.9999373641454604, -0.009795940261712044, -0.002228895028182045, 0.0, 0.0, 0.0, 1.0], "fov": 75.0, "aspect": 1.7777777777777777}, {"camera_to_world": [-0.004415361420853858, -0.010043526177867412, -0.9999398142715579, -0.9048391023734735, -0.9999756072496383, -0.0053674106632580765, 0.004469430443475697, -0.5189463729668533, -0.005411976463396639, 0.9999351571400449, -0.010019582130668114, -0.0026371906739515076, 0.0, 0.0, 0.0, 1.0], "fov": 75.0, "aspect": 1.7777777777777777}, {"camera_to_world": [-0.00431991115950886, -0.010282161085545638, -0.999937805831435, -0.9106829939434984, -0.9999760338130694, -0.005365537726446046, 0.004375249065902531, -0.5188580451319414, -0.005410191036973544, 0.9999327418223269, -0.010258736015049452, -0.0030151798387978773, 0.0, 0.0, 0.0, 1.0], "fov": 75.0, "aspect": 1.7777777777777777}, {"camera_to_world": [-0.004221365623243711, -0.010528535074279588, -0.9999356629411038, -0.9159802408677749, -0.9999764647762723, -0.005363627627395617, 0.00427801264881128, -0.5187779795889368, -0.005408323753590183, 0.9999301882870946, -0.010505645449569112, -0.0033578114425673023, 0.0, 0.0, 0.0, 1.0], "fov": 75.0, "aspect": 1.7777777777777777}, {"camera_to_world": [-0.004122820509597058, -0.010774908609552991, -0.999933449633275, -0.9206527510540532, -0.9999768861541725, -0.005361741486436922, 0.004180775722021246, -0.5187073566652545, -0.005406432136896455, 0.9999275739135752, -0.010752554062209208, -0.0036600344051059357, 0.0, 0.0, 0.0, 1.0], "fov": 75.0, "aspect": 1.7777777777777777}, {"camera_to_world": [-0.004027371463458995, -0.01101354221328904, -0.9999312387194489, -0.9246224324100835, -0.999977285156674, -0.0053599374371043895, 0.004086592878930817, -0.5186473566883099, -0.005404576744123202, 0.9999249836655679, -0.010991705583323075, -0.003916797646259929, 0.0, 0.0, 0.0, 1.0], "fov": 75.0, "aspect": 1.7777777777777777}, {"camera_to_world": [-0.003938114077024379, -0.011236696466934093, -0.9999291114424194, -0.9278111928436159, -0.9999776501413726, -0.005358270744301841, 0.003998518771901105, -0.5185991599855183, -0.005402821045974893, 0.9999225097912041, -0.01121534384690992, -0.00412305008587543, 0.0, 0.0, 0.0, 1.0], "fov": 75.0, "aspect": 1.7777777777777777}, {"camera_to_world": [-0.003858143894491295, -0.011436632008652081, -0.9999271564339013, -0.930140940262401, -0.999977970471678, -0.005356794158907385, 0.003919608103174765, -0.5185639468842951, -0.005401231066412326, 0.999920250922361, -0.011415712782364862, -0.004273740643798592, 0.0, 0.0, 0.0, 1.0], "fov": 75.0, "aspect": 1.7777777777777777}, {"camera_to_world": [-0.0037905564218396193, -0.011605609523742288, -0.9999254679772864, -0.9315335825741886, -0.9999782362803444, -0.005355558508820357, 0.0038529156116609564, -0.5185428977120555, -0.005399874782328673, 0.9999183105737395, -0.011585056395812088, -0.004363818239875567, 0.0, 0.0, 0.0, 1.0], "fov": 75.0, "aspect": 1.7777777777777777}, {"camera_to_world": [-0.003738447141753254, -0.011735889728169413, -0.9999241435755294, -0.9319110276867292, -0.9999784381384034, -0.005354613526441121, 0.0038014960556553845, -0.5185371927962149, -0.005398821283116084, 0.9999167950416026, -0.011715618740905986, -0.004388231793952505, 0.0, 0.0, 0.0, 1.0], "fov": 75.0, "aspect": 1.7777777777777777}, {"camera_to_world": [-0.003704911533903288, -0.011819733344643035, -0.9999232808241776, -0.9311951835077729, -0.9999785666295109, -0.005354008912604513, 0.0037684041916976607, -0.5185480124641885, -0.005398139690134363, 0.9999158107021935, -0.01179964387854604, -0.004341930225875553, 0.0, 0.0, 0.0, 1.0], "fov": 75.0, "aspect": 1.7777777777777777}, {"camera_to_world": [-0.0036930451007702314, -0.011849401070783416, -0.9999229735895396, -0.9293079579450702, -0.9999786118296903, -0.0053537956369508755, 0.0037566947497578718, -0.5185765370433917, -0.005397897836081189, 0.9999154607098248, -0.011829375825027522, -0.0042198624554908686, 0.0, 0.0, 0.0, 1.0], "fov": 75.0, "aspect": 1.7777777777777777}, {"camera_to_world": [-0.0037059433980250467, -0.011817153541855474, -0.9999233074919787, -0.9261712589063708, -0.9999785626924915, -0.005354027474732848, 0.0037694224037713164, -0.5186239468612397, -0.005398160704247645, 0.9999158410946231, -0.011797058491127888, -0.0040169774026446005, 0.0, 0.0, 0.0, 1.0], "fov": 75.0, "aspect": 1.7777777777777777}, {"camera_to_world": [-0.0037467020687237396, -0.011715251289924067, -0.9999243546943049, -0.9217069942994252, -0.9999784063395603, -0.005354762780033773, 0.0038096417367913804, -0.5186914222451479, -0.005398988627637491, 0.9999170362599006, -0.011694935613980162, -0.003728223987182898, 0.0, 0.0, 0.0, 1.0], "fov": 75.0, "aspect": 1.7777777777777777}, {"camera_to_world": [-0.0038184168810831975, -0.011535954699990192, -0.9999261679952586, -0.9158370720319835, -0.999978127256619, -0.005356066495397771, 0.0038804072005344525, -0.5187801435225314, -0.005400435247953639, 0.9999191138791461, -0.0115152506822912, -0.0033485511289519125, 0.0, 0.0, 0.0, 1.0], "fov": 75.0, "aspect": 1.7777777777777777}, {"camera_to_world": [-0.0039241837660712875, -0.011271523972561204, -0.9999287742279978, -0.9084834000117963, -0.999977706394878, -0.005358012397806422, 0.003984773065592917, -0.5188912910208059, -0.005402545234371003, 0.9999221191925305, -0.011250246864386804, -0.0028729077477977955, 0.0, 0.0, 0.0, 1.0], "fov": 75.0, "aspect": 1.7777777777777777}, {"camera_to_world": [-0.004067098854913298, -0.010914219092369781, -0.9999321669635937, -0.8995678861466135, -0.999977120177873, -0.005360685580993674, 0.004125793362422581, -0.5190260450673863, -0.005405351762100941, 0.9999260687029343, -0.010892166938790249, -0.0022962427635667, 0.0, 0.0, 0.0, 1.0], "fov": 75.0, "aspect": 1.7777777777777777}, {"camera_to_world": [-0.004250258511855731, -0.01045629981490992, -0.9999362985194422, -0.8890124383441854, -0.9999763394137541, -0.0053641851740103275, 0.004306521808505048, -0.5191855859896881, -0.005408873750661958, 0.9999309432713839, -0.010433253239031326, -0.0016135050961047725, 0.0, 0.0, 0.0, 1.0], "fov": 75.0, "aspect": 1.7777777777777777}, {"camera_to_world": [-0.004476759359690441, -0.00989002567702274, -0.9999410712725743, -0.8767389645122622, -0.9999753281130395, -0.005368627295978812, 0.004530011719223015, -0.5193710941151266, -0.005413112861824498, 0.9999366806118599, -0.00986574761893122, -0.0008196436652581657, 0.0, 0.0, 0.0, 1.0], "fov": 75.0, "aspect": 1.7777777777777777}, {"camera_to_world": [-0.0047496982933856735, -0.009207656043159373, -0.9999463282778294, -0.8626693725585941, -0.999974042211863, -0.005374148246919619, 0.004799315897855705, -0.5195837497711171, -0.005418050257157858, 0.9999431671854211, -0.009181891450017687, 9.039260912696597e-05, 0.0, 0.0, 0.0, 1.0], "fov": 75.0, "aspect": 1.7777777777777777}, {"camera_to_world": [-0.005083007678048812, -0.008374361623984194, -0.9999520153989068, -0.8458535420274756, -0.9999723721878155, -0.00538113951440744, 0.005128176927434391, -0.5198379136078791, -0.005423826510636609, 0.9999504554751285, -0.008346777885225531, 0.001178058535589125, 0.0, 0.0, 0.0, 1.0], "fov": 75.0, "aspect": 1.7777777777777777}, {"camera_to_world": [-0.005484429095938825, -0.007370791996880066, -0.9999577953407983, -0.825601659437367, -0.999970215379513, -0.005389923104094474, 0.005524226894492668, -0.5201440118509144, -0.005430413551609836, 0.9999583092080742, -0.00734101180954061, 0.0024879719888206346, 0.0, 0.0, 0.0, 1.0], "fov": 75.0, "aspect": 1.7777777777777777}, {"camera_to_world": [-0.005947773266871237, -0.006212425447087, -0.9999630141976403, -0.8022260931572671, -0.9999675281867921, -0.005400555653744754, 0.0059813519063599, -0.5204973231905619, -0.005437514612651795, 0.999966119310397, -0.0061801024378247416, 0.003999928648206112, 0.0, 0.0, 0.0, 1.0], "fov": 75.0, "aspect": 1.7777777777777777}, {"camera_to_world": [-0.0064668504408520455, -0.004914741485942786, -0.9999670120366482, -0.7760392115561754, -0.9999642661928088, -0.005413095838107118, 0.0064934375276274325, -0.5208931263171601, -0.005444830837903369, 0.9999732714975805, -0.00487956018231106, 0.005693724193130155, 0.0, 0.0, 0.0, 1.0], "fov": 75.0, "aspect": 1.7777777777777777}, {"camera_to_world": [-0.007035470202419791, -0.003493221113852696, -0.9999691493067578, -0.7473533830030908, -0.9999603877590819, -0.005427595382930028, 0.007054368934640121, -0.5213266999210482, -0.005452070408357046, 0.9999791690903412, -0.0034548970539490798, 0.0075491543029773565, 0.0, 0.0, 0.0, 1.0], "fov": 75.0, "aspect": 1.7777777777777777}, {"camera_to_world": [-0.007647441340857042, -0.001963346942376154, -0.9999688304690912, -0.7164809758670125, -0.9999558572420095, -0.005444091025504805, 0.007658031098410567, -0.5217933226925647, -0.0054589567076827605, 0.9999832534306213, -0.0019216269080555293, 0.009546014657132342, 0.0, 0.0, 0.0, 1.0], "fov": 75.0, "aspect": 1.7777777777777777}, {"camera_to_world": [-0.008296571789367713, -0.0003406031677074539, -0.9999655248487449, -0.6837343585169395, -0.9999506478307628, -0.005462597422002058, 0.008298308998996418, -0.5222882733220485, -0.005465235528461454, 0.9999850218972718, -0.0002952655265341386, 0.011664100934979705, 0.0, 0.0, 0.0, 1.0], "fov": 75.0, "aspect": 1.7777777777777777}, {"camera_to_world": [-0.008976668632448503, 0.0013595246025246421, -0.9999587847072089, -0.6494258993218709, -0.9999447440064744, -0.005483101001807378, 0.00896908787057743, -0.5228068304998386, -0.005470681318572146, 0.9999840435208247, 0.001408669461413714, 0.013883208815904047, 0.0, 0.0, 0.0, 1.0], "fov": 75.0, "aspect": 1.7777777777777777}, {"camera_to_world": [-0.009681538177338966, 0.0031215496588351543, -0.9999482605346379, -0.6138679666508062, -0.9999381436226403, -0.0055055547690130435, 0.009664253473156859, -0.5233442729162733, -0.005475102467420612, 0.99997997219665, 0.003174658809764974, 0.01618313397928996, 0.0, 0.0, 0.0, 1.0], "fov": 75.0, "aspect": 1.7777777777777777}, {"camera_to_world": [-0.010404986082520495, 0.0049299846182715434, -0.9999337135611972, -0.5773729288727442, -0.9999308596066845, -0.0055298740511433575, 0.0103776923839482, -0.5238958792616917, -0.005478345631659387, 0.9999725574957756, 0.004987182019736136, 0.018543672104522062, 0.0, 0.0, 0.0, 1.0], "fov": 75.0, "aspect": 1.7777777777777777}, {"camera_to_world": [-0.011140817533784153, 0.006769341947891416, -0.9999150254868018, -0.5402531543566836, -0.9999229212826621, -0.0055559331950918445, 0.011103292299079248, -0.5244569282264324, -0.005480299100053432, 0.9999616530727187, 0.006830717813653353, 0.02094461887098497, 0.0, 0.0, 0.0, 1.0], "fov": 75.0, "aspect": 1.7777777777777777}, {"camera_to_world": [-0.01188283745658203, 0.008624134555117569, -0.9998922054287431, -0.5028210114716241, -0.9999143753151155, -0.0055835632101395305, 0.0118349423344829, -0.5250226985008345, -0.005480895197192581, 0.9999472226698035, 0.008689744690368595, 0.023365769958063276, 0.0, 0.0, 0.0, 1.0], "fov": 75.0, "aspect": 1.7777777777777777}, {"camera_to_world": [-0.012624850751768335, 0.010478876412748528, -0.9998653940869351, -0.4653888685865647, -0.9999052862741391, -0.005612550357795287, 0.012566533313246309, -0.5255884687752366, -0.005480111725803705, 0.9999293437176486, 0.010548741529924743, 0.025786921045141565, 0.0, 0.0, 0.0, 1.0], "fov": 75.0, "aspect": 1.7777777777777777}, {"camera_to_world": [-0.013360662540983004, 0.012318083184236384, -0.9998348651268031, -0.42826909407050395, -0.99989573682176, -0.005642635688092867, 0.013291958025861805, -0.5261495177399773, -0.005477972447519908, 0.9999082085317422, 0.012392188213003974, 0.02818786781160449, 0.0, 0.0, 0.0, 1.0], "fov": 75.0, "aspect": 1.7777777777777777}, {"camera_to_world": [-0.014084078407428757, 0.01412627281363149, -0.9998010237801358, -0.39177405629244183, -0.9998858275197797, -0.005673515521841477, 0.014005111449326646, -0.5267011240853956, -0.005474546602051322, 0.9998841231052815, 0.014204566219483794, 0.03054840593683659, 0.0, 0.0, 0.0, 1.0], "fov": 75.0, "aspect": 1.7777777777777777}, {"camera_to_world": [-0.014788904617777376, 0.015887966044520474, -0.9997644026645349, -0.356216123621377, -0.999875676259273, -0.005704842878245575, 0.01469989091102547, -0.5272385665018304, -0.005469947464811609, 0.9998575034987249, 0.015970359170335013, 0.03284833110022252, 0.0, 0.0, 0.0, 1.0], "fov": 75.0, "aspect": 1.7777777777777777}, {"camera_to_world": [-0.015468948311363473, 0.017587686833385574, -0.9997256548223574, -0.3219076644263086, -0.9998654173119566, -0.005736229847203234, 0.015370196183764062, -0.5277571236796204, -0.005464329943158985, 0.9998288698267275, 0.017674053278223523, 0.03506743898114685, 0.0, 0.0, 0.0, 1.0], "fov": 75.0, "aspect": 1.7777777777777777}, {"camera_to_world": [-0.016118017643987237, 0.01920996262568453, -0.9996855439802796, -0.2891610470762356, -0.9998552000036878, -0.005767250905575838, 0.016009929499449238, -0.5282520743091041, -0.005457887211487211, 0.9997988378433492, 0.0193001376750207, 0.03718552525899421, 0.0, 0.0, 0.0, 1.0], "fov": 75.0, "aspect": 1.7777777777777777}, {"camera_to_world": [-0.016729921874826692, 0.020739324465910536, -0.9996449320307486, -0.2582886399401575, -0.9998451870103412, -0.005797447176680182, 0.01661299547009809, -0.5287186970806207, -0.005450846385479269, 0.9997681081265452, 0.02083310458742571, 0.03918238561314918, 0.0, 0.0, 0.0, 1.0], "fov": 75.0, "aspect": 1.7777777777777777}, {"camera_to_world": [-0.01729847138707563, 0.022160306918202755, -0.9996047637366289, -0.22960281138707278, -0.9998355522763083, -0.005826331632307613, 0.017173300906933697, -0.5291522706845088, -0.0054434632358678625, 0.9997374528630012, 0.022257449337206858, 0.0410378157229964, 0.0, 0.0, 0.0, 1.0], "fov": 75.0, "aspect": 1.7777777777777777}, {"camera_to_world": [-0.017817477635322265, 0.023457447780038665, -0.999566048660298, -0.20341592978598105, -0.9998264785558504, -0.005853395236663506, 0.01768475453069296, -0.5295480738111071, -0.005436015942052286, 0.9997077002343485, 0.02355767014854393, 0.04273161126792044, 0.0, 0.0, 0.0, 1.0], "fov": 75.0, "aspect": 1.7777777777777777}, {"camera_to_world": [-0.018280753015481377, 0.02461528757854564, -0.999529840318243, -0.1800403635058812, -0.9998181545774716, -0.005878114031749315, 0.018141266569030867, -0.5299013851507546, -0.005428797885891012, 0.9996797164056372, 0.024718267751986545, 0.044243567927305924, 0.0, 0.0, 0.0, 1.0], "fov": 75.0, "aspect": 1.7777777777777777}, {"camera_to_world": [-0.018682110656531914, 0.025618368847604933, -0.9994972125618988, -0.15978848091577244, -0.9998107718314203, -0.005899957163920666, 0.018536748240294998, -0.5302074833937899, -0.005422109485917925, 0.9996543851167026, 0.025723744783190727, 0.04555348138053743, 0.0, 0.0, 0.0, 1.0], "fov": 75.0, "aspect": 1.7777777777777777}, {"camera_to_world": [-0.019015364137241697, 0.026451235193654443, -0.9994692331850232, -0.14297265038465393, -0.9998045209803349, -0.0059183958516000335, 0.018865111126808554, -0.5304616472305519, -0.00541624907211441, 0.9996325848767005, 0.026558604984356304, 0.046641147306999586, 0.0, 0.0, 0.0, 1.0], "fov": 75.0, "aspect": 1.7777777777777777}, {"camera_to_world": [-0.019288255300144996, 0.027133239032536727, -0.9994457216613014, -0.12924082981823043, -0.9997993206935414, -0.005933698795307807, 0.01913398963467572, -0.5305811359100752, -0.0054112427601934465, 0.9996142148640194, 0.02724224465018371, 0.04753230379189051, 0.0, 0.0, 0.0, 1.0], "fov": 75.0, "aspect": 1.7777777777777777}, {"camera_to_world": [-0.019514715142838313, 0.02769919918184377, -0.9994258002761278, -0.11792192729808519, -0.9997949493885696, -0.005946537519080586, 0.019357114160989175, -0.5305033460585415, -0.005406946458148154, 0.999598615973541, 0.027809564429886413, 0.048272809295905675, 0.0, 0.0, 0.0, 1.0], "fov": 75.0, "aspect": 1.7777777777777777}, {"camera_to_world": [-0.01969784073748304, 0.02815685763422593, -0.999409418826162, -0.1088497364570353, -0.9997913775253651, -0.0059570120281488, 0.01953753908837008, -0.5302537624320095, -0.005403378222358091, 0.9995857668933981, 0.028268323755109903, 0.04887264006167565, 0.0, 0.0, 0.0, 1.0], "fov": 75.0, "aspect": 1.7777777777777777}, {"camera_to_world": [-0.019840728687152143, 0.028513954701828215, -0.9993964678106606, -0.1018580509278975, -0.9997885674982974, -0.005965242480362232, 0.019678317556457103, -0.5298578697865383, -0.005400535609095147, 0.999575595074936, 0.028626280682658156, 0.04934177233183106, 0.0, 0.0, 0.0, 1.0], "fov": 75.0, "aspect": 1.7777777777777777}, {"camera_to_world": [-0.019946475170592226, 0.028778229208520578, -0.9993867878113516, -0.09678066434348867, -0.9997864749122198, -0.005971365997593292, 0.019782501629484583, -0.5293411528781866, -0.005398398916969027, 0.9995679848373222, 0.028891192038207836, 0.0496901823490025, 0.0, 0.0, 0.0, 1.0], "fov": 75.0, "aspect": 1.7777777777777777}, {"camera_to_world": [-0.020018175996456167, 0.02895741869985924, -0.9993801781764615, -0.09345137033662561, -0.9997850497637654, -0.005975533714016157, 0.019853142464049733, -0.5287290964630134, -0.005396934188973468, 0.9995627848710023, 0.029070813581428878, 0.049927846355820545, 0.0, 0.0, 0.0, 1.0], "fov": 75.0, "aspect": 1.7777777777777777}, {"camera_to_world": [-0.020058926662911203, 0.029059259660487224, -0.999376405009202, -0.09170396254012525, -0.9997842375279624, -0.005977908061081338, 0.019893290473023906, -0.5280471852970774, -0.00539609597420182, 0.9995598151402435, 0.02917290018218205, 0.05006474059491582, 0.0, 0.0, 0.0, 1.0], "fov": 75.0, "aspect": 1.7777777777777777}, {"camera_to_world": [-0.020071822418744167, 0.029091487729381582, -0.9993752084610075, -0.0913722345868045, -0.9997839801502266, -0.0059786602889394524, 0.01990599548179872, -0.527320904136438, -0.005395829849276168, 0.9995588731849873, 0.029205205998193873, 0.05011084130891892, 0.0, 0.0, 0.0, 1.0], "fov": 75.0, "aspect": 1.7777777777777777}, {"camera_to_world": [-0.02005995832379104, 0.029061837907411847, -0.9993763093297194, -0.09228998010948015, -0.9997842169437787, -0.005977968224230801, 0.019894306874717327, -0.5265757377371535, -0.00539607469954867, 0.9995597398221647, 0.02917548464864772, 0.050076124740460415, 0.0, 0.0, 0.0, 1.0], "fov": 75.0, "aspect": 1.7777777777777777}, {"camera_to_world": [-0.02002642930553089, 0.028978044749375875, -0.9993794149629929, -0.09429099274096908, -0.99978488539255, -0.0059760142640397085, 0.019861273728577877, -0.525837170855283, -0.005396764760120132, 0.9995621842466926, 0.029091489375842605, 0.049970567132170934, 0.0, 0.0, 0.0, 1.0], "fov": 75.0, "aspect": 1.7777777777777777}, {"camera_to_world": [-0.019974330210894342, 0.028847842538129664, -0.9993842244670073, -0.09720906611408817, -0.9997859218595865, -0.005972983605956772, 0.01980994493227839, -0.5251306882468855, -0.0053978314166978625, 0.9995659685322116, 0.028960973192533823, 0.049804144726681064, 0.0, 0.0, 0.0, 1.0], "fov": 75.0, "aspect": 1.7777777777777777}, {"camera_to_world": [-0.01990675585177859, 0.028678965437029746, -0.9993904332206305, -0.10087799386165427, -0.999787262200989, -0.005969062714178408, 0.019743369291114532, -0.5244817746680199, -0.005399204766333321, 0.9995708515316842, 0.02879168901115975, 0.04958683376662141, 0.0, 0.0, 0.0, 1.0], "fov": 75.0, "aspect": 1.7777777777777777}, {"camera_to_world": [-0.0198268010432171, 0.028479147618060974, -0.9993977366951267, -0.10513156961648429, -0.9997888422854087, -0.005964438021562435, 0.019664595614689973, -0.523915914874745, -0.005400814938047449, 0.999576592177926, 0.028591389752324392, 0.049328610494622546, 0.0, 0.0, 0.0, 1.0], "fov": 75.0, "aspect": 1.7777777777777777}, {"camera_to_world": [-0.019737560634211393, 0.028256123365685726, -0.9994058335794096, -0.1098035